% run this before the simulink file
v = 5;
k1 = 0.001;
k2 = 0.0034;
k3 = 0.00787;

%init conditions
x0 = 0;
y0 = 1;
xv0 = .97;
xm0 = 0.23;
theta0 = 0.0023;